2.367680328316607241e+00
1.252942775688442367e+00
6.488263443314670198e-01
2.738851319638190840e-01
1.191156072056135801e-01
1.178898174507920366e-01
1.018478111075631076e-01
2.139299130366864587e-02
6.341922907026365311e-03
2.978558243404584582e-02
-3.571815437750171934e-02
-4.315078828964696162e-02
-4.167394717737182841e-02
2.120732258861511565e-02
3.783135495035026830e-02
-9.835351986805579427e-02
-1.262931806109230115e-01
-6.806373257193785997e-02
-7.449263156203857206e-02
-4.666314487482661061e-02
1.412944688231343969e-02
3.485151201548072897e-02
4.549624245289870389e-02
-1.092508211583954891e-01
1.360263097656662715e-02
1.693378414003303967e-01
6.267001479746578396e-02
3.239590353283698827e-03
-1.303441755849141792e-01
-1.104367970487131617e-01
-6.402028112858762499e-02
-5.579455334006801909e-02
2.121295464253664387e-01
2.660142645034228037e-01
5.058714863039505405e-02
-7.459551198347712242e-02
-9.176138523208354769e-02
1.580622260354121456e-01
7.348998884415007538e-02
-1.297672545022083290e-01
-6.781292209822258055e-02
-1.030800047451096990e-02
-7.397204117496897213e-02
-5.979630410800370471e-02
1.542971767035903607e-01
9.804284485504814739e-02
5.912994181093749607e-02
-4.332020621427319640e-02
-1.271675965665811439e-02
1.942419334706485534e-01
9.816951601374791780e-02
-4.374054393807647045e-02
-4.874785967049072993e-02
5.659966153138109614e-03
5.932307172285666841e-02
-1.146341963249822467e-02
-8.879419063793564382e-02
-9.202765136053709868e-03
4.695121196046221634e-02
1.361926064689812990e-02
1.740605561843457452e-02
6.078431854366314613e-02
7.780951689492585088e-02
1.020867143912483344e-01
9.387325766397607019e-02
3.808901286162851701e-02
5.628983718059741431e-02
7.083175766783093852e-02
6.800154573329815488e-02
5.115128728153116311e-02
4.266719169467186878e-02
-8.045444721119823783e-02
-1.068992180021880178e-01
2.209201211562191736e-01
2.484733683176871266e-01
5.066317331857352058e-02
-3.451006317931974016e-02
-1.059594097931115114e-02
1.203456939129716498e-02
-1.251568860709177319e-02
4.745572404387481125e-02
6.260979779350776819e-02
7.560750059085045993e-02
1.030163419423446858e-01
1.325998457053654267e-01
1.064276862995659489e-01
1.035446789618862939e-01
9.137651827404598068e-03
4.386424144289408078e-02
1.598967080733993407e-01
1.881180404350853153e-01
-1.967508314660262880e-02
-2.650085617566221297e-01
1.374064888344614654e-01
3.477339396411815997e-01
1.965422223994858497e-01
2.657964827182033446e-02
-2.887477132364231827e-02
1.084250397754643325e-01
7.511883514922844396e-02
2.209082441364887406e-02
1.588029592213741764e-02
1.214077780451895544e-01
1.494597573250487366e-01
1.380382216452933630e-01
2.874425763409302892e-01
1.310749490670318207e-01
5.154470071520091123e-02
1.197281634811515477e-01
7.190127001345696101e-02
6.318811909652778669e-02
-8.308435940511293277e-03
7.431123364394627562e-02
1.785915484493965644e-01
1.129742385843125890e-01
1.107107519060741702e-01
-5.571574213551491045e-02
-9.383348956787326833e-02
1.505469328230273351e-01
1.304684189798456517e-01
1.410710242714516560e-01
1.517997505940067438e-01
7.988134898489293589e-02
1.054332751275608437e-01
1.548020548200865210e-01
1.439336181254091962e-01
4.550946665010633524e-02
8.341101989735272282e-02
1.545874426373832211e-01
9.280139163648455647e-02
1.183576485721859334e-01
1.470616560558974939e-01
1.618627013770299328e-01
1.127165651104869853e-01
1.031135824301278314e-02
4.102774059833640130e-02
5.685913838083273691e-02
6.510660233314283230e-02
1.779435255571395688e-02
-1.646993847641297151e-02
2.828793365470566937e-02
9.263066088696844669e-02
1.411048635427896714e-01
2.123742720048701904e-02
-1.380638567282926020e-02
5.123469256416713496e-02
1.104055798765018609e-01
5.802458377546412110e-02
5.671697398647584411e-03
2.570756874143561438e-02
-9.830930814792068761e-02
-3.724574802664092771e-02
1.472682729786238369e-02
7.757520126714760600e-02
-3.497103000571071679e-02
-1.490022654496477028e-01
-7.251718404414982111e-02
1.579036028134446767e-01
4.926066608820754977e-01
3.066232725195631725e-01
-2.058555630699135386e-02
-2.233052539831046901e-01
1.388542325703524816e-01
3.028893079807615241e-01
1.961471746375134662e-02
3.572677217568551861e-02
1.310818083240301510e-02
-2.924500682738344348e-02
2.690730525983932309e-02
8.672335024279487214e-02
-1.512204482953918025e-03
-1.009560998871063264e-02
4.258324368897509898e-02
-2.763964301358907277e-03
-7.738000019664444118e-02
8.639987435395535265e-02
9.248891796860282677e-02
-3.863437566911675364e-02
8.601405942882199562e-02
2.563818092928583231e-02
2.090649559156261550e-02
4.969607921712793086e-02
3.869967216365078483e-02
1.777042521590862720e-02
-1.012731919241516010e-01
2.435730231826441564e-02
1.609224111534617585e-01
8.593628974588179981e-02
3.757065094812558209e-02
2.769042132701262943e-03
-4.580037474760525334e-02
-2.901174237961047161e-02
1.590714693587771261e-02
8.032759142147387343e-02
4.765868428370684771e-03
-2.838915944217188653e-02
5.311478470052991702e-02
-1.891431861056935490e-02
-7.612018925952934723e-02
-1.704629755631725200e-03
8.807751190596113666e-02
8.746654570942147267e-02
5.630744417809321195e-02
6.127968347443460417e-02
6.398338556257773813e-02
3.968329521703062301e-02
2.230242392308142210e-02
-6.392793956892157958e-02
-1.232050914371072281e-01
-1.118861390372251768e-01
-2.564781009410991436e-03
1.825370983324668406e-01
5.988797289393207185e-02
1.306543057793319376e-02
-1.191925644051061162e-01
-2.432882015343175164e-01
8.135668298097364914e-02
2.107357173938386452e-01
9.587447133998718007e-02
-2.970025412825273367e-02
4.693132394158492336e-03
3.270957913434523884e-02
6.264558567056094374e-02
8.322016163356044105e-02
2.148093821335961273e-02
7.805837673401540278e-02
9.152875432540401313e-02
4.684814836989115855e-02
3.974314334566497742e-02
5.178346272018226337e-02
-9.135269907549410304e-03
-2.968521869994331791e-02
1.168898422850825521e-02
3.808721215972056540e-02
-1.189126488097216744e-01
-1.418978212933253436e-01
1.050117960223297953e-01
2.417334143095198687e-02
-6.340329832830945977e-02
5.236941690180846321e-02
1.321729868592016466e-01
1.367841564977669011e-01
1.547802528157959379e-01
6.069683737801997991e-02
-2.609848196065054499e-03
5.832598832478983614e-02
3.264713310072436814e-02
9.361898088851716357e-03
-1.160968194574317769e-01
-6.615517201057888319e-02
9.383273526951081689e-02
2.271771957489490124e-01
2.228772983443168820e-01
1.403728266555289393e-02
-3.537021934245199867e-02
4.815168975273116658e-02
1.373679601892747737e-01
1.467723323427813364e-01
6.898539429334162032e-02
-6.700580846444642927e-03
4.792332456480177805e-02
1.120767303436202567e-01
1.035416728347113569e-01
8.381869440621014800e-02
5.322596143169873451e-02
4.294274153238682168e-02
3.783761776537210991e-02
2.503098611720248889e-02
7.550429742514011555e-02
1.347085090299309298e-02
7.504801700484606264e-02
1.892681103834785994e-01
1.080190702176474782e-01
8.743277125669718375e-02
6.673844587057925493e-02
2.531065181828014848e-02
5.603174871210292451e-02
9.766579187575945287e-02
4.663769648645316873e-02
2.077027892511452978e-02
1.111141591852484456e-01
1.262606100007617749e-01
9.275361457888349481e-02
9.649233276313136376e-02
1.347178097984310374e-01
1.129717503734409129e-01
1.330440267780650110e-01
6.069327058334902936e-02
-1.222258447512113329e-02
9.033919739989097752e-02
1.013742204315883910e-01
5.026549086569885583e-02
8.639380518589935554e-02
1.256144917177912101e-01
5.784952286162153151e-02
2.777722392936114466e-03
5.239494844934368400e-02
8.814792739729682136e-02
7.031000129850749347e-02
5.101410298596877058e-02
9.817978539315602715e-02
1.275130766931753534e-01
1.064040038431345037e-01
8.544193022626597744e-02
1.265902653316682280e-01
1.063329023039439325e-01
3.410994612180878044e-02
1.266843857296327536e-01
2.050046408495130035e-01
1.002969082532310374e-01
-1.495323563047994651e-02
-1.166057820621025634e-03
1.714200185703993184e-01
1.767769650393570258e-01
6.074083715578035281e-02
6.895832610883581570e-02
3.709359201528669020e-02
4.167094671552543789e-02
3.896748183090788936e-02
4.806213730401185519e-02
2.698009817647049197e-02
6.030083757476379681e-03
1.298949383619198983e-01
1.879668208251055739e-01
1.039550787618528094e-01
7.161977360113734592e-02
1.483285944918081301e-01
1.203407013689442584e-01
1.165521174819428157e-01
6.822853383154188489e-02
1.272206879413837269e-02
1.241517978903634856e-01
1.603814645022005048e-01
-7.433659984734745929e-02
-1.627819704683653446e-01
1.438138970679112283e-01
-4.620570346410602519e-02
-6.018695300611487387e-02
2.791749614589655870e-01
5.415099762236498526e-02
6.368984224612132816e-02
1.513868532543367618e-01
5.661455199669206823e-02
6.014514819775772236e-02
8.274520872855005427e-02
8.921313880395802254e-02
7.712192972705909921e-02
1.537966613194010068e-01
1.361208592071800894e-01
1.350630911367424816e-02
8.039393013044401903e-02
1.145965648718911961e-01
4.426203763525085599e-02
9.642947457278298884e-02
5.592601477441452168e-02
1.990002587209581397e-02
8.954640491280840831e-02
-4.088829540065596832e-03
2.586301901427952646e-02
6.708784573561654696e-02
3.651140189022688415e-02
1.968121966429689229e-01
9.249758866871822527e-02
-4.842189167655314846e-02
7.116481442986588579e-02
1.373784484405869977e-01
1.247011347855384311e-01
1.235235344274089597e-01
1.178665585116272091e-01
7.890995317559204580e-02
-8.031370775006079626e-03
4.647167753476518816e-03
5.774333560548697286e-02
4.871821294064789670e-02
3.388779471644704638e-02
5.745510149293457658e-02
1.057555236602784055e-01
-4.012662934419275462e-02
-1.613151328287302372e-02
2.236580354902042989e-01
2.425454446565292188e-01
2.109153828161016708e-01
2.052438319746651696e-01
9.906943941480508831e-02
6.575779483375729373e-02
9.541917715434496128e-02
1.106399743413069708e-01
6.680680350400319822e-02
3.424066808220464081e-02
-4.945138130419974437e-02
-9.199068509226251966e-02
1.087280871053512843e-01
2.421156557541717103e-01
2.533142634401385207e-01
1.453915287539242207e-01
-1.805516661026248734e-02
4.351720022245117447e-02
1.215181248388401830e-01
-1.957340860833833851e-02
4.304684249640676474e-02
1.887831354979481735e-01
-1.085126322065872728e-02
-5.043669638735182731e-02
2.913614402362101341e-01
3.208628806996963179e-01
-2.070889421683788645e-02
-6.540800213150441134e-02
1.238678383657670634e-01
1.583691032666224852e-01
1.088397799355206030e-01
2.683440414781227551e-02
3.684259300974840334e-02
1.040717274319085672e-01
9.706345710069695654e-02
8.324678661479931185e-02
4.011261980370492419e-02
3.373555983463595587e-02
2.023770005014468437e-02
3.929722678479442843e-02
1.266400592093905320e-01
3.165088844213646835e-02
4.020337541795733494e-02
1.997340391081328659e-01
1.466940393431838408e-01
3.187151831022801141e-02
1.285403361123113597e-01
2.399157992752670998e-01
1.468321320538787667e-01
1.098307224026284640e-01
1.375921903470462004e-01
6.394238554655842788e-02
2.133442515384606497e-02
-3.130634758866782802e-02
-6.321336416919731693e-02
5.502027265948208207e-02
9.983347154180818861e-02
1.175755811594859784e-01
1.318633767762814879e-01
-1.069693308130502396e-02
4.081280547929024699e-02
2.273914836229924130e-01
1.157494360485848278e-01
3.309369039448274707e-02
1.254642395472900795e-01
1.260781591351162190e-01
1.212967882241940132e-01
5.173122952103657857e-02
3.186962136536269918e-02
9.419767663384645551e-02
4.848379286981086694e-02
4.584593462054343226e-03
2.881316880946866235e-02
5.156537882970523012e-02
-1.538988901126522868e-01
-4.657108951794731305e-02
2.097887970435554084e-01
1.336846158782523664e-01
5.877962852032916213e-02
1.033327823493414288e-02
5.291077468754956659e-02
1.779497582899436034e-02
3.614379762371817961e-02
1.437677254751918987e-01
3.839865297367616587e-02
-1.523846887150313856e-02
1.073997027440937169e-01
3.552478953106363163e-02
4.547585929856150233e-02
1.281354750140261678e-01
3.071779552656271617e-02
-4.989285780562371236e-02
7.297792852750502150e-03
1.140205595215887102e-01
6.504379111595579022e-02
1.427768114708036738e-02
4.531203072953925853e-02
6.632797812477701782e-02
6.155962535886459752e-02
7.465179095014605297e-03
6.781558731300785237e-02
1.192720671462983995e-01
2.127228206562826740e-01
2.913843604542166177e-01
8.335415772224963327e-02
3.444318332850266895e-01
4.413043233425802403e-01
-4.101084775437474498e-04
-3.140483791214340042e-03
1.247473832491516055e-01
1.175727109838177048e-01
1.036155398084475932e-01
1.899741629493836501e-02
-1.891168968686043547e-02
2.901159001395154161e-02
6.935040821869037191e-03
9.910842543210778011e-02
2.701721718771231684e-01
1.299004711050100735e-01
4.812048670847505344e-02
3.063193580828197371e-01
2.311256360626680328e-01
7.394608678835289106e-02
1.231344435030479051e-01
2.154367626166635574e-01
2.780115890260752010e-01
1.755232992509755396e-01
1.802086694263145550e-01
4.305773903424592319e-02
4.234458882778408505e-03
-1.033832410257499307e-02
1.329075389962054363e-02
1.649440773041499497e-01
1.388568087006253060e-01
1.566165585865367249e-01
1.501915021971859943e-01
1.055962326210118929e-01
1.449445263585783239e-01
2.580819002209172042e-01
1.710162608985391630e-01
1.370321003286989192e-01
1.404341239302467070e-01
9.568076648318356303e-02
2.228360144975083390e-01
1.997818187169557169e-01
1.415506575746722506e-01
2.256546949105200650e-01
2.530431131806693545e-01
2.308572945613518723e-01
2.454497268157171397e-01
7.199952405566927005e-02
1.232531691290331965e-01
2.838290288138585193e-01
2.726461421413267083e-01
2.670037280418752212e-01
2.279998930543264135e-01
1.875087749149339789e-01
2.082967552818921764e-01
2.499702019109763529e-01
1.885559793060290479e-01
1.780099497158653399e-01
2.347405512528562277e-01
2.792254141808269696e-01
1.830635134962456390e-01
1.910072182515846484e-01
2.519965703279031244e-01
2.262845165035300699e-01
2.236029847607394483e-01
2.171491837086654275e-01
2.759800405902079756e-01
2.491764437417226530e-01
1.580641179943935160e-01
1.065608564276545878e-01
4.422188088756628943e-02
6.941377225867641221e-02
2.322564437067973775e-01
2.067557596475395054e-01
1.214783769138882974e-01
9.879688778900032331e-02
7.699160866727057517e-02
1.486849406241283478e-01
1.284384869744813751e-01
1.647387219160131311e-01
9.027187276034488728e-02
3.174085705281338987e-02
6.921156773427920850e-02
1.245784303043079022e-01
2.976249701725801611e-01
2.049485938333086010e-01
5.959570571176039250e-02
-1.437461417248653804e-02
4.624676572357912241e-02
1.961222582694014394e-01
2.208777584900119273e-01
2.232398073370199520e-01
2.038543738036510677e-01
1.682200348903254983e-01
8.295066531663464193e-02
1.374773367989000870e-02
-3.176172738293512460e-02
1.053955663105596019e-01
2.218930089661423077e-01
2.193025804576304860e-01
1.560355607493037200e-01
5.151412703049802755e-02
1.999611685953178453e-01
3.222137177190699253e-01
1.623023856030016976e-01
9.125583343778910506e-02
9.650566643953205348e-02
8.893360366109946680e-02
1.110149177846230656e-01
4.481257007700418377e-02
8.871459230953392117e-02
1.732074618787283193e-01
6.642841676388169803e-02
5.346666056668587796e-02
1.555106502570680616e-01
8.352005611549601083e-02
4.175508564347138463e-02
1.601384466884527846e-01
2.257109878213857390e-01
3.212418644026340253e-01
3.441566082029076101e-01
3.249057837387200331e-01
4.237537761605661979e-01
5.104062193692590066e-01
5.701726869474336157e-01
5.593821922214862186e-01
5.488366644135282968e-01
5.177455922078274542e-01
4.865329189574408852e-01
4.345869087188275470e-01
4.444574853129891756e-01
4.031172913461649188e-01
3.201806010145326065e-01
3.763115840197563400e-01
4.102521890476082955e-01
3.708558465282795757e-01
2.113835870387236748e-01
3.009089691744503137e-01
3.467101628883837994e-01
2.151480720984665918e-01
1.896626623881925988e-01
1.303438578788269631e-01
1.675177860551609610e-01
1.969916493465798391e-01
1.036419109032157559e-01
6.661152714712037515e-02
3.759771551315622268e-02
-8.038617589171893896e-02
-1.299744370452194930e-01
-1.343790176804839087e-01
-2.036500732674874636e-01
-1.819077632102261977e-01
-5.693270875235264400e-02
-5.512975818867638794e-02
-1.160900606068614727e-01
-2.038647402953987497e-01
-2.639511222511636834e-01
-2.789193591848258547e-01
-3.019245248785026314e-01
-1.946234084615098558e-01
4.912426295411560784e-03
1.377081068971884870e-01
2.003092186962514287e-01
2.168055755173586285e-01
2.873556430511426396e-01
4.423151161570628154e-01
7.126619958962224777e-01
8.505344823526459486e-01
8.950720743366339383e-01
8.765583186192743570e-01
6.036393908579941181e-01
5.164520208764574738e-01
5.497555490448469140e-01
6.496292391979178182e-01
7.369043087888830224e-01
6.626822905345950421e-01
8.266996527881527168e-01
8.898243510192086481e-01
6.017180521676855909e-01
3.311071562438386851e-01
4.054411365543290069e-01
2.109511592513721445e-01
-6.777158461349694699e-03
1.927303737596678113e-01
8.269856121773488944e-02
1.096158190315133368e-01
-5.643012598591242747e-03
-1.881766484247892612e-01
-2.860925014554359658e-01
-1.754736891163449775e-01
-6.200089365698843724e-02
-2.158989437523194665e-01
-2.165370354908103812e-01
-3.458769143362744880e-01
-3.935027726073242471e-02
-3.804543205791408728e-02
-1.095490508326527473e-01
3.515573823625075395e-02
8.323600178977880182e-02
3.560707739496510316e-01
4.125698494331382360e-01
2.864701090157092955e-01
1.190312551606170083e-01
-4.879179493598363032e-02
-6.172492233162879538e-02
3.010603763587714476e-02
-4.181010986172867955e-02
-1.041100047157237779e-01
-1.304972023551042304e-01
-1.969053007005100442e-02
7.313184920398144162e-02
2.754781509972739281e-02
2.000163746962370370e-02
-1.469259003382801347e-02
4.016946216547641335e-02
1.458292624180007324e-01
1.016036305337012224e-01
-1.899337071298695320e-02
2.402321665207210188e-01
5.430671367094663804e-01
3.873529485553028340e-01
1.737686165200890143e-01
1.858338265963568534e-02
7.925835427793358201e-02
1.465250198676578686e-01
7.240011760785701467e-02
8.945075641790407525e-03
-1.834858004258556885e-01
-2.193450978888766556e-01
-1.495864519540970050e-01
-6.220700653560071181e-02
-5.890771485144231240e-02
-1.708284973726732492e-01
-2.225615077729773128e-01
-1.867688660652030153e-01
-1.684223627788503652e-01
-1.744808074959140476e-01
-1.204468312807306825e-02
-6.733098027521875265e-03
-2.461840743386117802e-02
2.838684541071273201e-02
8.947465903301822163e-03
3.530633145270496015e-02
3.847106869887726571e-02
3.967021343739425207e-03
1.363725932805648355e-01
2.555982091718025373e-01
-1.961195062323864424e-02
7.802809114612105357e-02
3.553026746992331009e-01
1.606191071516748226e-01
7.182608177628162227e-02
1.713955508805621308e-01
2.273599665910530365e-01
2.714460865938022049e-01
1.492234133323797340e-01
1.128598121801560467e-01
2.288043977604231893e-01
1.431948752703429972e-01
9.963752281077215001e-02
2.119154703056421452e-01
2.691851804642784174e-01
2.157142212792853009e-01
1.523457271891450471e-01
1.511391387155006649e-01
1.040609312769363026e-01
1.421706820749301659e-01
2.081759069273404483e-01
1.643238708910528256e-01
2.195850778568176065e-01
1.961070021018754550e-01
1.014921071861633328e-01
1.102099502451498320e-01
1.147112840400913852e-01
2.773206792245310748e-01
1.792963039614169640e-01
-2.567869188945041264e-02
3.817295871107454497e-01
4.911489221598240862e-01
2.316166861913534214e-01
1.718182603216813487e-01
1.569239622679288182e-01
2.166051646137011621e-01
1.850443482081873536e-01
1.741986294820318526e-01
1.997557337235575936e-01
2.076738036049755043e-01
1.549086358670450914e-01
1.384286538849643644e-01
1.559449871225389861e-01
1.442561128029395678e-01
2.003994930892046555e-01
1.773735196324014163e-01
1.295176425718854718e-01
1.258753675345401779e-01
1.240815011311898475e-01
1.697547442294707054e-01
2.137649004620643667e-01
1.793836733072881329e-01
2.032827957662267648e-01
2.051812667544049007e-01
2.113790206302884056e-01
2.714638731784315140e-01
2.245968404909763627e-01
9.738825428336568557e-02
1.153489838089539615e-01
3.054981649500260188e-01
1.439655462717422119e-01
1.496065480128446479e-01
2.042387295702630112e-01
7.187904894109074794e-02
3.095059948095594815e-01
1.928417965034055215e-01
1.127819985201214820e-01
1.806125908706069927e-01
1.531992500011679914e-01
1.909876630333198211e-01
1.896232115550563202e-01
1.993270660668227112e-01
2.146706231945888499e-01
2.277185037900933684e-01
1.982404487906116453e-01
2.711654024072942537e-01
3.238936755492610176e-01
2.474323512478905362e-01
2.137092711415933266e-01
2.017632148699869399e-01
1.492173853724565735e-01
1.742072134529047966e-01
1.818372070432374976e-01
1.392648341829216541e-01
1.848438792061897484e-01
2.029632654397753311e-01
1.915825059374808015e-01
2.478845297012038928e-01
2.249418518922256804e-01
2.029797312286194533e-01
2.177049336238410793e-01
2.201059921548836618e-01
2.472457726844474735e-01
2.766521702738233834e-01
2.193315047207913537e-01
2.367232662301838875e-01
2.766747939159002745e-01
2.092213780387347510e-01
1.852659458415792659e-01
2.816964912343026262e-01
2.792097174099448798e-01
2.418325819557985978e-01
2.332057064469897079e-01
1.426735002043213194e-03
9.019167736452224360e-02
3.164310139805218691e-01
4.214417658560026814e-01
4.078211856730302731e-01
2.717239137607113109e-01
2.438215353975613509e-01
1.676562943025281527e-01
1.858011021696323872e-01
1.589460048896827460e-01
2.642501174957009313e-01
4.524018657990973580e-01
2.381834998418843330e-01
1.549747348220635590e-01
2.470804876894772129e-01
3.199518000780521843e-01
4.295508512000056900e-01
2.683690576842696629e-01
1.449871604241191048e-01
2.062929257092622204e-01
2.272915568702929268e-01
2.122442490332037690e-01
1.891702816938623244e-01
1.723458177384175616e-01
1.742141428801532443e-01
2.321329252781511310e-01
2.979325222834677267e-01
2.540175301941866581e-01
2.627634371699548721e-01
2.931729727201787261e-01
2.777565365583506418e-01
2.286530700370234814e-01
2.502695901420593505e-01
4.836871896575609120e-01
4.166270700464815846e-01
2.740148764851877972e-01
2.531676380680001892e-01
1.806326071123508237e-01
1.954930244347396207e-01
2.135265464900463761e-01
2.383465287860426496e-01
1.890807546994327237e-01
2.468156614316820430e-01
2.608479123437565939e-01
2.474439506966994995e-01
2.872664523178962703e-01
2.508182999522869383e-01
3.254282218628930523e-01
3.428953440321154122e-01
2.485355730633774796e-01
1.488950223176932763e-01
4.139407983340684383e-02
1.418398804778411848e-01
3.999337393149549613e-01
3.971604769010939062e-01
4.062215491833263137e-01
3.489418200733749309e-01
2.009974190203024924e-01
2.084731076402681627e-01
1.658990760537609743e-01
1.753671897074673414e-01
2.010121951064053891e-01
1.883729132464853351e-01
1.975834386900199580e-01
2.437747610963246214e-01
2.105864506737935016e-01
1.834790431288574053e-01
2.421835208920048443e-01
2.102016253745510599e-01
1.837091324802016257e-01
1.341653603597237621e-01
2.176244177308478966e-01
4.257168363014478540e-01
4.181564753587979633e-01
2.955500302282436098e-01
2.487373145600526581e-01
2.250358006328507521e-01
1.872624957829301107e-01
2.198632718919225904e-01
1.745899087039956554e-01
1.723511292473305923e-01
1.868692080656803867e-01
1.944158728387941071e-01
2.139188188948718539e-01
1.671391137437709951e-01
1.692999912999894607e-01
1.447003834850485726e-01
1.581606005729354336e-01
2.168600881512250944e-01
2.314047106824037858e-01
4.768482270509578208e-02
2.659264907019116136e-02
3.778580128285470296e-01
4.122272010328336123e-01
2.696243656635863850e-01
3.728766934929887422e-01
2.860544395318200261e-01
1.385737816181919768e-01
5.840857405937851382e-02
9.525371951534838955e-02
1.606982409008872181e-01
1.838474414748379193e-01
3.198550061402316569e-01
1.876821355873380670e-01
1.670063509386369160e-01
1.462746718215194031e-01
1.178192451891317723e-02
5.195463704862429699e-02
2.121378466700444831e-01
3.300755930626598222e-01
2.662313377576870366e-01
2.028189591713720485e-01
1.861533588820628859e-01
1.829666925537125899e-01
1.814775570100030377e-01
1.860221923284625933e-01
1.264355396317942692e-01
1.737504857628554555e-01
2.496850687384006839e-01
2.057920630136259588e-01
1.783880501956228437e-01
1.438761637283292594e-01
2.504904338317180401e-01
2.790929252652081249e-01
2.007423103944151466e-01
1.867976368656128205e-01
1.436335321737356174e-01
1.786331594544682821e-01
1.707442271806863809e-01
1.875279621963556742e-01
1.755252791978109128e-01
1.850415706647369485e-01
2.727263316013185945e-01
1.779468262339123641e-01
2.176598394248446811e-01
3.879349349762820642e-01
2.215067904866191151e-01
1.006447893589302034e-01
1.270691859988085926e-01
1.148061652114658188e-01
1.448641294656307366e-01
9.826125020925531584e-02
2.400583782999118343e-01
3.589479638493572877e-01
1.301424283172338270e-01
2.401491361311794762e-02
4.759691239935828072e-02
-2.313962626309968001e-03
4.376246353920109633e-01
5.688361231042680100e-01
2.635897494164437527e-01
9.783311196653311781e-02
-7.190149857513715263e-03
3.426360150120960624e-01
9.708106611782209294e-02
-1.241929206056703941e-02
4.643607204129970856e-01
4.023889297964667877e-01
2.003230722719092083e-01
1.491701804925329722e-01
1.335532948440543155e-01
1.825675983988055695e-01
1.714587385497647332e-01
1.193752838318685588e-01
1.756527093602634759e-01
1.630704993299937344e-01
2.343022719366387452e-01
2.345073383740355066e-01
